5.370085470085469437e-01
4.349938949938949584e-01
4.631501831501830813e-01
3.459584859584859395e-01
4.806349206349206371e-01
3.608058608058608563e-01
5.278876678876678330e-01
5.710744810744809996e-01
5.259462759462759651e-01
5.001221001221001217e-01
4.878144078144078799e-01
6.062148962148962150e-01
4.658241758241758457e-01
5.368498168498168077e-01
4.710866910866911006e-01
4.565934065934065811e-01
5.682905982905983588e-01
5.778144078144077378e-01
5.689255189255189027e-01
5.104151404151403559e-01
5.796581196581196416e-01
5.166788766788766862e-01
4.696459096459095761e-01
5.019780219780219932e-01
4.760561660561660746e-01
4.751648351648351531e-01
5.751526251526251077e-01
4.630280830280829596e-01
4.573748473748473486e-01
5.343956043956044066e-01
4.462759462759463003e-01
4.749938949938949939e-01
4.404029304029303260e-01
4.858974358974358365e-01
4.242612942612941640e-01
5.681929181929181727e-01
4.363369963369962967e-01
5.583394383394383320e-01
4.176800976800977283e-01
5.909890109890109100e-01
4.454334554334554719e-01
4.515018315018314854e-01
5.944078144078144277e-01
3.651404151404151199e-01
4.940781440781439882e-01
5.080586080586080300e-01
4.587545787545787013e-01
4.492429792429792346e-01
5.319169719169718480e-01
4.474481074481074794e-01
6.510989010989010062e-01
5.768864468864468575e-01
4.737606837606837540e-01
5.250793650793651457e-01
4.594871794871794313e-01
5.781074481074479632e-01
5.124908424908424243e-01
4.859340659340659618e-01
5.168620268620267577e-01
4.048107448107448048e-01
4.137362637362637097e-01
4.572039072039071894e-01
4.822466422466422098e-01
6.142002442002441054e-01
5.046764346764346376e-01
6.522954822954823983e-01
4.901831501831501181e-01
4.920146520146520541e-01
4.881807081807082449e-01
5.674114774114773496e-01
6.688766788766787874e-01
4.061172161172161843e-01
5.134676434676433976e-01
5.850183150183150271e-01
6.502319902319901868e-01
4.104517704517705035e-01
4.589621489621490413e-01
4.865567765567765379e-01
4.342612942612942284e-01
5.114163614163613758e-01
4.328937728937728435e-01
5.159829059829059705e-01
4.766422466422466364e-01
4.833211233211233693e-01
5.434676434676435353e-01
4.418070818070818362e-01
4.406349206349206571e-01
4.855433455433456058e-01
4.737362637362636519e-01
4.831379731379731313e-01
4.364346764346764829e-01
5.473382173382173033e-01
4.850793650793651102e-01
5.100244200244199444e-01
4.836507936507936090e-01
4.720268620268619486e-01
5.714041514041514613e-01
5.159462759462758452e-01
5.195238095238094989e-01
6.115628815628816328e-01
