4.858574221477446886e-01
4.691977377461248322e-01
4.417246194665550019e-01
4.855865102639295716e-01
4.700076804915513939e-01
5.316170925848344719e-01
4.751005446166736701e-01
4.515919564306661305e-01
4.265137550621421747e-01
5.173802541544476608e-01
4.909537774053902015e-01
5.119438625890239125e-01
5.024158637061862942e-01
4.745391705069124666e-01
4.419257086999022199e-01
4.541083647535260615e-01
4.012623935204580050e-01
5.441998324256389630e-01
4.912253875157100991e-01
5.085176651305683970e-01
4.068468091048735857e-01
5.204440720569752932e-01
5.923516268677559982e-01
5.510033514872223481e-01
5.163936601033375373e-01
4.798191593352882367e-01
4.242682586230973607e-01
4.534394637620444146e-01
5.382327887166596936e-01
5.244742354419773545e-01
5.200293255131964720e-01
4.051061304287110754e-01
5.326197458455522726e-01
4.707708420611645961e-01
4.966931992738444213e-01
5.223097332774753188e-01
5.307415165479681951e-01
3.981406228180421891e-01
4.777908113391984846e-01
5.154133500907694954e-01
4.315263231392263421e-01
4.350523669878508803e-01
5.358099427454265928e-01
5.832886468370339639e-01
4.833731322440999456e-01
5.043492528976400990e-01
4.663608434576175799e-01
4.794239631336405516e-01
5.285581622678396929e-01
5.881196760229018272e-01
4.865605362379555876e-01
4.871819578271191498e-01
5.464949029465159258e-01
4.452436810501326780e-01
5.015507610668900051e-01
5.281985756179304881e-01
4.997011590559978234e-01
5.122273425499231925e-01
5.052101661779081487e-01
5.240867197318810344e-01
5.219773774612483930e-01
5.377391425778522693e-01
5.594930875576036300e-01
5.979227761485825798e-01
5.205020248568634766e-01
5.750809942745427339e-01
5.317525485267420304e-01
4.743862589023878362e-01
4.638158078480659197e-01
5.773697807568775042e-01
5.274347158218126719e-01
5.318670576735092803e-01
5.397207093981288839e-01
4.839757017176372078e-01
5.472832006702974539e-01
4.525387515710097008e-01
5.579178885630499130e-01
5.091341991341991058e-01
4.857289484708839922e-01
3.714097193129451413e-01
5.444400223432481756e-01
4.338472280407764115e-01
5.048003072196619589e-01
5.007512917190336532e-01
5.190120094958805552e-01
5.106668063119675915e-01
4.210585113810919600e-01
4.835860913280267681e-01
4.213524647395615608e-01
5.259279430247172371e-01
4.859649490294651875e-01
5.108434576176511532e-01
4.944930875576036833e-01
5.196941767909509791e-01
5.135407066052227743e-01
4.929842200809942954e-01
4.355041195363775763e-01
4.751633850020945959e-01
4.467853651724619235e-01
4.485839966485127839e-01
