4.767434715821812219e-01
4.205837173579108912e-01
4.802122608574221907e-01
5.363105711492808236e-01
4.766149979053205255e-01
5.249853372434017951e-01
4.692501047339757148e-01
4.628054740957966429e-01
4.446292417260159224e-01
4.880645161290322886e-01
4.966568914956011049e-01
5.171652003910067741e-01
5.256654098589582658e-01
4.534143276078760332e-01
5.207764278732021079e-01
4.666806311967602316e-01
4.840566959921798751e-01
5.886538192989806406e-01
4.701200949588047462e-01
5.875813433877949965e-01
4.564627845273007134e-01
4.773844435134758091e-01
5.382125401480239990e-01
4.840148024018992023e-01
5.555690546013126729e-01
5.365340036307777449e-01
4.501200949588046174e-01
4.232355816226784917e-01
5.528543499511241466e-01
4.892612763580506119e-01
5.533221617092585198e-01
3.598100823907274814e-01
4.956332914397430511e-01
3.893297025555090274e-01
4.582320904901550085e-01
5.196048037983521661e-01
5.842117022762183254e-01
4.400321184192151902e-01
4.187487781036168255e-01
4.696439044826141718e-01
5.094330400782014490e-01
5.204398826979471648e-01
5.090978913559558450e-01
5.536489317134478672e-01
4.566862170087976347e-01
5.564111157659544782e-01
5.422077922077922496e-01
4.811869850579527652e-01
5.422413070800167212e-01
4.676204440720569400e-01
4.985798072894848110e-01
4.547535260438485549e-01
4.840594888981984978e-01
4.546571707862030465e-01
5.902541544477027946e-01
5.819885490853232701e-01
4.639072755201787968e-01
4.824898757156821927e-01
5.824046920821113194e-01
4.961471861471861144e-01
5.473132244099986332e-01
4.674975562072335999e-01
4.219689987431922695e-01
5.502527579946935310e-01
6.019787739142576921e-01
5.605111018014243829e-01
5.161388074291299866e-01
4.813531629660662281e-01
5.113322161709257241e-01
6.136614997905320834e-01
5.046725317693059321e-01
5.476665270213657566e-01
4.691062700740120661e-01
4.726323139226364378e-01
5.042689568496020458e-01
5.274933668482055804e-01
5.112609970674486526e-01
5.754042731462086779e-01
5.702904622259461487e-01
4.312288786482333935e-01
4.934227063259321033e-01
4.806507471023599432e-01
5.689400921658985810e-01
5.034408602150538536e-01
4.381050132663036334e-01
5.313364055299538702e-01
5.501647814551040572e-01
4.944798212540147953e-01
5.318698505795280695e-01
4.939798910766652895e-01
5.220904901550063038e-01
5.148875855327468276e-01
5.251571009635525034e-01
5.215933528836755873e-01
5.237620444072057513e-01
4.842396313364055738e-01
4.517525485267420149e-01
4.305013266303588937e-01
4.221407624633431444e-01
4.954531490015360862e-01
