4.571428571428571841e-01
7.547619047619047450e-01
4.785714285714286476e-01
4.357142857142857761e-01
5.023809523809523725e-01
4.452380952380952661e-01
4.119047619047618847e-01
4.047619047619048227e-01
5.880952380952381153e-01
6.166666666666665853e-01
5.928571428571428603e-01
4.761904761904761640e-01
5.595238095238095344e-01
6.095238095238094678e-01
3.404761904761904878e-01
4.571428571428571286e-01
4.547619047619048116e-01
3.904761904761904767e-01
7.404761904761903990e-01
3.095238095238095899e-01
4.095238095238095122e-01
6.833333333333332371e-01
4.785714285714285365e-01
2.452380952380952550e-01
5.714285714285713969e-01
4.380952380952381486e-01
5.857142857142857428e-01
7.619047619047619735e-01
6.428571428571427937e-01
4.047619047619048227e-01
5.261904761904762085e-01
6.119047619047618403e-01
4.595238095238095566e-01
2.571428571428571175e-01
5.666666666666666519e-01
4.166666666666666852e-01
4.190476190476190577e-01
3.809523809523809867e-01
3.976190476190476497e-01
3.428571428571428603e-01
4.642857142857143016e-01
5.142857142857143460e-01
4.333333333333334036e-01
5.404761904761905544e-01
4.023809523809524502e-01
6.142857142857144348e-01
6.071428571428570953e-01
5.000000000000000000e-01
4.833333333333333925e-01
4.880952380952381375e-01
4.928571428571428825e-01
4.380952380952381486e-01
4.952380952380952550e-01
4.285714285714285476e-01
4.000000000000000222e-01
5.166666666666667185e-01
4.476190476190476386e-01
3.595238095238095788e-01
5.000000000000000000e-01
5.071428571428571175e-01
4.904761904761905100e-01
5.333333333333333259e-01
2.404761904761904545e-01
7.142857142857141906e-01
5.380952380952381819e-01
4.904761904761905100e-01
4.166666666666666852e-01
4.119047619047619402e-01
5.452380952380952994e-01
5.357142857142858094e-01
4.785714285714285365e-01
3.571428571428570953e-01
7.190476190476190466e-01
7.619047619047620845e-01
5.214285714285715745e-01
6.285714285714286698e-01
3.738095238095238693e-01
4.714285714285715301e-01
7.166666666666665630e-01
6.452380952380952772e-01
3.547619047619047228e-01
4.142857142857143127e-01
5.999999999999999778e-01
6.476190476190476497e-01
6.952380952380952106e-01
5.999999999999999778e-01
6.880952380952380931e-01
4.666666666666666741e-01
2.500000000000000000e-01
5.928571428571428603e-01
4.142857142857143127e-01
2.619047619047619180e-01
3.738095238095238138e-01
5.428571428571429269e-01
4.738095238095239026e-01
5.333333333333334370e-01
5.095238095238094900e-01
6.047619047619047228e-01
6.690476190476191132e-01
4.738095238095239026e-01
5.714285714285713969e-01
3.119047619047619069e-01
7.976190476190476719e-01
2.404761904761904545e-01
4.357142857142857761e-01
5.690476190476190244e-01
4.023809523809523947e-01
4.714285714285714191e-01
7.642857142857143460e-01
3.523809523809523503e-01
3.619047619047618958e-01
3.857142857142857317e-01
6.690476190476191132e-01
2.333333333333333370e-01
5.547619047619047894e-01
4.595238095238095566e-01
5.404761904761904434e-01
4.761904761904761640e-01
6.309523809523810423e-01
5.928571428571428603e-01
6.238095238095238138e-01
3.904761904761905322e-01
4.190476190476190577e-01
5.023809523809523725e-01
6.738095238095238582e-01
5.547619047619047894e-01
2.857142857142856984e-01
2.928571428571428714e-01
4.785714285714286476e-01
5.261904761904762085e-01
4.761904761904762751e-01
3.880952380952381042e-01
6.880952380952380931e-01
4.619047619047619291e-01
5.190476190476190910e-01
5.285714285714285809e-01
3.714285714285714413e-01
5.380952380952381819e-01
4.452380952380952661e-01
5.095238095238094900e-01
2.404761904761905100e-01
5.166666666666667185e-01
4.142857142857143127e-01
5.047619047619047450e-01
4.857142857142857650e-01
4.238095238095238027e-01
3.880952380952381597e-01
5.214285714285714635e-01
4.285714285714285476e-01
6.714285714285714857e-01
4.880952380952381375e-01
4.619047619047618736e-01
3.119047619047619624e-01
4.190476190476190577e-01
5.761904761904762529e-01
4.904761904761905100e-01
5.119047619047619735e-01
6.023809523809523503e-01
2.999999999999999889e-01
4.023809523809523947e-01
4.357142857142857761e-01
4.714285714285714191e-01
5.309523809523810645e-01
4.142857142857143127e-01
6.095238095238094678e-01
5.595238095238095344e-01
7.809523809523810645e-01
2.928571428571428714e-01
7.523809523809525945e-01
5.071428571428571175e-01
4.261904761904762862e-01
4.928571428571428825e-01
3.833333333333333592e-01
3.571428571428570953e-01
6.809523809523809756e-01
5.500000000000000444e-01
2.809523809523809534e-01
5.547619047619047894e-01
4.952380952380952550e-01
4.166666666666666852e-01
5.095238095238094900e-01
5.452380952380952994e-01
2.595238095238095455e-01
5.166666666666667185e-01
6.119047619047618403e-01
7.071428571428570731e-01
5.666666666666666519e-01
5.000000000000000000e-01
4.023809523809524502e-01
4.071428571428571397e-01
3.904761904761904767e-01
6.976190476190475831e-01
5.952380952380952328e-01
3.666666666666666963e-01
3.952380952380952772e-01
5.333333333333334370e-01
4.142857142857143127e-01
4.500000000000000111e-01
5.047619047619047450e-01
4.119047619047618847e-01
